20 237164
21 228420
22 221545
23 218243
24 213268
25 210643
26 205996
27 204292
28 201398
29 199324
30 197173
31 195498
32 193291
33 191813
34 189389
35 188373
36 187775
37 184622
38 184457
39 184173
40 183294
41 180827
42 180812
43 180184
44 178835
45 179445
46 177464
47 175501
48 176557
49 175546
50 177435
51 175444
52 173649
53 174118
54 174247
55 171451
56 171242
57 171663
58 171082
59 170276
60 170497
61 170947
62 169993
63 167946
64 168524
65 168915
66 168440
67 168418
68 166953
69 166835
70 166189
71 166761
72 167962
73 165865
74 166630
75 166133
76 166897
77 165189
78 166801
79 166204
80 165339
81 165911
82 165707
83 165697
84 165978
85 166006
86 165746
87 164792
88 164796
89 164751
90 164392
91 163921
92 163659
93 164139
94 164966
95 163767
96 163922
97 163529
98 163417
99 164258
100 163476
101 163653
102 163374
103 164605
104 162913
105 162980
106 163192
107 162820
108 162817
109 162713
110 162185
111 161573
112 165125
113 163572
114 162188
115 162866
116 162756
117 161879
118 163350
119 162423
120 161965
121 161947
122 161950
123 162754
124 163254
125 163019
126 162168
127 161618
128 161026
129 160495
130 161898
